0.007282 0.246567 0.746151 0.657758 0.191150 0.151092 0.204918 0.157589
0.577857 0.224261 0.197882 0.666044 0.164797 0.169159 0.109673 0.418773
0.408483 0.309404 0.282113 0.665572 0.189554 0.144874 0.214229 0.258953
0.383350 0.302038 0.314612 0.665439 0.189351 0.145211 0.211385 0.247234
0.420506 0.280098 0.299397 0.664365 0.189739 0.145895 0.217714 0.276421
0.423618 0.274005 0.302376 0.664852 0.187397 0.147751 0.215062 0.276116
0.415355 0.299078 0.285568 0.666360 0.158775 0.174865 0.180625 0.281986
0.449190 0.296994 0.253816 0.663676 0.193319 0.143006 0.232111 0.269225
0.360547 0.340683 0.298769 0.614588 0.037849 0.347563 0.216403 0.249421
0.327965 0.348040 0.323995 0.665161 0.143199 0.191640 0.217840 0.267184
0.386439 0.390333 0.223228 0.664932 0.139364 0.195704 0.227012 0.261570
0.384832 0.383270 0.231898 0.664343 0.134305 0.201352 0.226165 0.264018
0.313866 0.346047 0.340087 0.666261 0.152663 0.181076 0.228552 0.243452
0.291047 0.347999 0.360954 0.665492 0.144348 0.190160 0.217582 0.254745
0.371447 0.401381 0.227172 0.664796 0.137610 0.197593 0.222049 0.258947
0.306048 0.386281 0.307671 0.663347 0.130243 0.206411 0.214197 0.261590
0.327992 0.419568 0.252440 0.663439 0.130043 0.206518 0.217196 0.253264
0.335839 0.435093 0.229069 0.665270 0.142231 0.192499 0.212354 0.246974
0.347447 0.437507 0.215046 0.655939 0.099730 0.244331 0.180488 0.278495
0.285047 0.418328 0.296626 0.666082 0.181655 0.152263 0.231933 0.203483
0.343031 0.371164 0.285806 0.629496 0.054913 0.315591 0.202550 0.337548
0.359466 0.362685 0.277848 0.654934 0.100186 0.244880 0.207371 0.310680
0.372101 0.381483 0.246417 0.659658 0.159099 0.181243 0.181507 0.273460
0.324745 0.381438 0.293817 0.665973 0.149717 0.184310 0.198089 0.244922
0.276049 0.419360 0.304591 0.666202 0.181949 0.151849 0.224633 0.211029
0.386949 0.333394 0.279657 0.652394 0.090663 0.256943 0.166206 0.321702
0.284147 0.405419 0.310434 0.665747 0.188031 0.146222 0.236432 0.201830
0.267897 0.437502 0.294601 0.666280 0.180654 0.153066 0.225748 0.210846
0.232831 0.355159 0.412011 0.643863 0.073441 0.282696 0.115915 0.374562
0.289950 0.434832 0.275218 0.666406 0.171192 0.162402 0.218415 0.236622
0.181507 0.368338 0.450155 0.666302 0.161847 0.171851 0.178228 0.274360
0.244640 0.369384 0.385976 0.651710 0.088644 0.259646 0.131997 0.342397
0.211532 0.284796 0.503672 0.648032 0.081561 0.270407 0.136890 0.365592
0.328466 0.346257 0.325277 0.645859 0.076847 0.277294 0.151421 0.360728
0.206787 0.311956 0.481257 0.659359 0.122964 0.217677 0.153734 0.335100
0.241609 0.391651 0.366740 0.666015 0.162295 0.171690 0.231258 0.249923
0.241861 0.362863 0.395276 0.640094 0.067017 0.292888 0.117576 0.367186
0.276097 0.338065 0.385838 0.644131 0.073904 0.281965 0.127746 0.373239
0.427879 0.379593 0.192529 0.664638 0.191037 0.144326 0.232750 0.240301
0.363525 0.432917 0.203559 0.626775 0.050068 0.323156 0.194727 0.332068
0.424535 0.348208 0.227257 0.638078 0.064092 0.297831 0.197725 0.328684
0.310938 0.256258 0.432803 0.666250 0.175692 0.158057 0.243191 0.223878
0.251230 0.339150 0.409620 0.661380 0.180001 0.158619 0.248314 0.248374
0.254007 0.320943 0.425050 0.660905 0.180854 0.158241 0.253172 0.247174
0.355719 0.383824 0.260458 0.666293 0.176435 0.157272 0.255516 0.222984
0.370888 0.409005 0.220107 0.666406 0.178205 0.155390 0.262328 0.204141
0.376908 0.426946 0.196146 0.666223 0.180849 0.152928 0.258024 0.208384
0.393851 0.407990 0.198160 0.666236 0.177308 0.156456 0.253588 0.207897
0.322530 0.429967 0.247503 0.662875 0.180763 0.156362 0.247343 0.233979
0.375112 0.400950 0.223938 0.663520 0.170794 0.165685 0.214031 0.277343
0.326808 0.312966 0.360227 0.666359 0.155584 0.178057 0.229202 0.233349
0.302776 0.286998 0.410226 0.664593 0.169305 0.166102 0.212048 0.238158
0.204512 0.421363 0.374125 0.655787 0.099085 0.245128 0.162464 0.342159
0.443807 0.331462 0.224731 0.666472 0.170560 0.162968 0.207319 0.271983
0.456198 0.331139 0.212663 0.666635 0.170564 0.162801 0.181485 0.312281
0.351164 0.248742 0.400094 0.637939 0.066409 0.295652 0.115641 0.328091
0.324702 0.237585 0.437713 0.642054 0.070835 0.287110 0.130960 0.362272
0.246611 0.318820 0.434569 0.632287 0.058210 0.309503 0.099374 0.402748
0.310147 0.272668 0.417184 0.635670 0.060663 0.303666 0.183740 0.305008
0.278146 0.314535 0.407319 0.633657 0.057931 0.308412 0.188906 0.305976
0.282335 0.317913 0.399752 0.631579 0.055550 0.312871 0.186469 0.316677
0.211387 0.237953 0.550660 0.642754 0.071257 0.285989 0.199245 0.288984
0.278483 0.282930 0.438587 0.666515 0.162910 0.170576 0.183635 0.267621
0.219339 0.242120 0.538540 0.666465 0.164474 0.169061 0.229593 0.233576
0.219927 0.240107 0.539965 0.666503 0.161592 0.171905 0.230692 0.227567
0.231003 0.247557 0.521440 0.665913 0.149646 0.184441 0.232216 0.230179
0.235452 0.249652 0.514896 0.666439 0.160417 0.173143 0.225672 0.240688
0.165646 0.253469 0.580885 0.660502 0.154624 0.184874 0.176253 0.299422
0.272464 0.261882 0.465654 0.663145 0.126665 0.210190 0.209772 0.264911
0.251951 0.328318 0.419731 0.661555 0.145407 0.193038 0.215078 0.265743
0.220031 0.330219 0.449750 0.658137 0.134691 0.207172 0.170640 0.324165
0.279970 0.337856 0.382174 0.658009 0.121094 0.220896 0.207130 0.282157
0.348779 0.301201 0.350020 0.663122 0.139440 0.197438 0.190573 0.275363
0.284280 0.315019 0.400701 0.639542 0.066693 0.293765 0.177231 0.312095
0.274099 0.209847 0.516054 0.631751 0.087342 0.280908 0.091184 0.391968
0.422477 0.266635 0.310888 0.665523 0.188279 0.146198 0.177031 0.282765
0.303284 0.405372 0.291344 0.662790 0.153607 0.183604 0.196146 0.309380
0.424276 0.283703 0.292021 0.666268 0.157421 0.176311 0.184161 0.307634
0.413687 0.284237 0.302076 0.658816 0.228560 0.112624 0.223535 0.259220
0.373476 0.390829 0.235695 0.664096 0.203388 0.132516 0.204842 0.279029
0.395892 0.351977 0.252132 0.661146 0.164888 0.173966 0.214252 0.280963
0.320182 0.386046 0.293773 0.663393 0.164151 0.172456 0.215085 0.267439
0.402080 0.481539 0.116381 0.659134 0.153604 0.187261 0.224556 0.293737
0.349344 0.361864 0.288792 0.660491 0.144145 0.195364 0.218169 0.289938
0.347704 0.353706 0.298590 0.657298 0.164751 0.177951 0.225164 0.278272
0.464748 0.483753 0.051498 0.638175 0.089396 0.272429 0.227756 0.344160
0.317711 0.414263 0.268026 0.661684 0.166160 0.172156 0.220029 0.277670
0.434041 0.427296 0.138663 0.656849 0.140285 0.202866 0.164989 0.335966
0.463758 0.357050 0.179192 0.661075 0.219797 0.119129 0.248788 0.223587
0.171839 0.215600 0.612561 0.476326 0.521175 0.002499 0.025428 0.301574
0.626625 0.278514 0.094860 0.666179 0.182210 0.151611 0.143005 0.423677
0.261954 0.331157 0.406889 0.657386 0.133862 0.208752 0.200590 0.295427
0.320056 0.388830 0.291114 0.659527 0.162492 0.177981 0.235007 0.261847
0.369774 0.369513 0.260714 0.659953 0.153180 0.186868 0.193120 0.312989
0.279896 0.418062 0.302043 0.662803 0.127768 0.209429 0.156454 0.329199
0.575437 0.289904 0.134659 0.657033 0.184142 0.158825 0.096582 0.465593
0.348508 0.353810 0.297682 0.663277 0.128303 0.208420 0.218692 0.272802
0.366191 0.326119 0.307691 0.664128 0.162180 0.173693 0.201308 0.274493
0.238491 0.405374 0.356135 0.658250 0.185523 0.156227 0.232825 0.244620
0.257268 0.412223 0.330509 0.658079 0.123166 0.218755 0.195212 0.303489
0.253188 0.412839 0.333973 0.656109 0.112372 0.231519 0.188503 0.306043
0.249341 0.422113 0.328546 0.662545 0.141684 0.195771 0.192506 0.274380
0.250865 0.407700 0.341435 0.661781 0.176782 0.161437 0.223288 0.248376
0.247320 0.409816 0.342864 0.662043 0.179873 0.158084 0.224470 0.240691
0.293360 0.370258 0.336382 0.665209 0.166090 0.168701 0.236998 0.229670
0.289283 0.383106 0.327611 0.665573 0.167366 0.167061 0.237667 0.227018
0.329941 0.398785 0.271274 0.654345 0.173468 0.172187 0.224007 0.281885
0.285367 0.357370 0.357263 0.595192 0.312860 0.091947 0.311748 0.311450
0.221142 0.373438 0.405419 0.385546 0.028969 0.585485 0.159908 0.523711
0.276166 0.387918 0.335915 0.651788 0.137754 0.210458 0.209868 0.329381
0.324872 0.468283 0.206846 0.652875 0.155031 0.192095 0.227388 0.314597
0.271679 0.367472 0.360849 0.651929 0.150124 0.197947 0.221772 0.331008
0.438335 0.309769 0.251896 0.648348 0.151311 0.200342 0.114271 0.486791
0.269754 0.471249 0.258997 0.651266 0.202627 0.146108 0.253061 0.286820
0.303186 0.348446 0.348369 0.664630 0.194071 0.141298 0.219464 0.227919
0.247431 0.230522 0.522046 0.626050 0.107580 0.266371 0.106170 0.304813
0.398202 0.325924 0.275874 0.645582 0.144134 0.210284 0.252345 0.339304
0.258620 0.403577 0.337803 0.664033 0.203160 0.132806 0.207745 0.225948
0.285313 0.432558 0.282129 0.665031 0.147792 0.187176 0.183061 0.275962
0.229523 0.299412 0.471065 0.665905 0.179458 0.154637 0.215518 0.261015
0.249263 0.445102 0.305636 0.638613 0.158465 0.202922 0.221690 0.333017
0.146350 0.213529 0.640121 0.642138 0.070669 0.287193 0.099244 0.327178
0.228682 0.402420 0.368899 0.665761 0.187683 0.146556 0.168866 0.281968
0.220471 0.396398 0.383131 0.665132 0.147383 0.187485 0.141965 0.307535
0.207027 0.440300 0.352673 0.664469 0.166427 0.169104 0.162483 0.296949
0.170536 0.366823 0.462641 0.661033 0.126765 0.212202 0.135593 0.317342
0.203704 0.465682 0.330614 0.663014 0.133604 0.203382 0.139051 0.315367
0.267389 0.447247 0.285364 0.656812 0.172705 0.170483 0.242230 0.244175
0.288475 0.424056 0.287469 0.658176 0.162893 0.178930 0.222368 0.261340
0.289502 0.424956 0.285543 0.651687 0.205811 0.142502 0.263241 0.233251
0.501221 0.325163 0.173617 0.660038 0.206655 0.133308 0.097136 0.419099
0.305141 0.366810 0.328049 0.665949 0.185766 0.148285 0.258027 0.220215
0.236782 0.379840 0.383378 0.666405 0.169947 0.163648 0.194087 0.233450
0.248853 0.318915 0.432232 0.666551 0.169571 0.163878 0.191798 0.240970
0.399304 0.483207 0.117489 0.666615 0.163695 0.169690 0.170658 0.266921
0.298946 0.379201 0.321853 0.666581 0.160177 0.173242 0.178028 0.260511
0.305714 0.382663 0.311623 0.665001 0.138885 0.196114 0.167332 0.283122
0.169907 0.292430 0.537662 0.618824 0.042125 0.339051 0.080019 0.435839
0.387156 0.412664 0.200180 0.625254 0.049517 0.325228 0.194106 0.367476
0.440651 0.397255 0.162094 0.620588 0.043317 0.336094 0.186658 0.362017
0.412074 0.399990 0.187935 0.663172 0.129138 0.207691 0.220390 0.286067
0.435632 0.379622 0.184746 0.657891 0.125691 0.216419 0.201541 0.325655
0.451173 0.386353 0.162473 0.658917 0.130606 0.210477 0.203937 0.326090
0.312261 0.470919 0.216821 0.656413 0.116046 0.227541 0.198833 0.331699
0.492625 0.504359 0.003016 0.660843 0.138434 0.200723 0.188535 0.337949
0.460749 0.395837 0.143414 0.656674 0.101623 0.241703 0.227608 0.303041
0.244417 0.328482 0.427101 0.660716 0.165264 0.174020 0.230405 0.246209
0.297809 0.327126 0.375065 0.665931 0.179856 0.154213 0.228755 0.217172
0.372745 0.331234 0.296021 0.649776 0.091210 0.259014 0.145112 0.312663
0.355478 0.327554 0.316968 0.617529 0.165924 0.216547 0.128076 0.305272
0.363408 0.334969 0.301623 0.666429 0.174698 0.158873 0.225591 0.292572
0.389835 0.315710 0.294455 0.662730 0.158358 0.178912 0.233800 0.250509
0.269175 0.411123 0.319702 0.666383 0.156324 0.177293 0.223322 0.221474
0.274553 0.414563 0.310884 0.635636 0.084708 0.279655 0.127790 0.333465
0.236712 0.424650 0.338638 0.621496 0.065926 0.312578 0.072129 0.405501
0.262952 0.371880 0.365168 0.616648 0.060349 0.323004 0.071179 0.412967
0.288314 0.360227 0.351459 0.665396 0.143367 0.191237 0.157560 0.309352
0.233128 0.434894 0.331978 0.661550 0.167322 0.171129 0.181908 0.301249
0.180666 0.465943 0.353391 0.656359 0.185070 0.158571 0.181077 0.286654
0.185552 0.508545 0.305903 0.655642 0.132164 0.212194 0.138879 0.323425
0.288428 0.407107 0.304465 0.655442 0.105643 0.238915 0.242639 0.251685
0.233574 0.288201 0.478225 0.630100 0.053788 0.316112 0.146430 0.381058
0.281383 0.327522 0.391094 0.634572 0.059479 0.305949 0.140619 0.372801
0.235613 0.447101 0.317286 0.652938 0.123573 0.223489 0.182153 0.321539
0.324504 0.379644 0.295852 0.650202 0.085353 0.264446 0.171076 0.363591
0.275934 0.398144 0.325922 0.602901 0.054345 0.342754 0.110738 0.491494
0.409259 0.333018 0.257723 0.646769 0.094971 0.258260 0.187658 0.375910
0.364916 0.355818 0.279266 0.613292 0.346024 0.040684 0.045068 0.434557
0.407262 0.304701 0.288037 0.646419 0.275516 0.078065 0.116367 0.338873
0.339257 0.331409 0.329334 0.663858 0.203509 0.132633 0.112873 0.357554
0.344186 0.395185 0.260629 0.642046 0.285049 0.072905 0.106091 0.356617
0.213063 0.424998 0.361939 0.651908 0.095464 0.252628 0.112337 0.362443
0.144668 0.592174 0.263158 0.582049 0.103349 0.314602 0.116043 0.451063
0.133279 0.558690 0.308031 0.586689 0.069606 0.343705 0.092368 0.458901
0.127450 0.444364 0.428186 0.579739 0.088183 0.332078 0.111824 0.474091
0.260718 0.313302 0.425981 0.641285 0.082595 0.276120 0.105451 0.362233
0.217829 0.459582 0.322589 0.648635 0.106498 0.244867 0.111287 0.361841
0.399002 0.444743 0.156256 0.656304 0.111634 0.232062 0.188318 0.340179
0.378013 0.490661 0.131326 0.652077 0.089507 0.258415 0.150180 0.374769
0.269200 0.374163 0.356637 0.653732 0.093909 0.252359 0.183151 0.334091
0.320245 0.420590 0.259165 0.662306 0.175401 0.162294 0.224343 0.283289
0.428087 0.460376 0.111537 0.654337 0.183843 0.161819 0.227269 0.286487
0.318240 0.416097 0.265663 0.660674 0.169249 0.170078 0.226547 0.278899
0.334309 0.405907 0.259784 0.662805 0.145523 0.191672 0.206595 0.292869
0.374235 0.319951 0.305814 0.664338 0.153499 0.182163 0.171789 0.288344
0.391389 0.570922 0.037689 0.666325 0.156470 0.177204 0.211725 0.243155
0.350182 0.580684 0.069134 0.638592 0.080771 0.280637 0.221953 0.331185
0.334924 0.333546 0.331530 0.665241 0.147163 0.187597 0.241590 0.242274
0.362288 0.325282 0.312431 0.663352 0.128043 0.208605 0.192524 0.281831
0.432239 0.198577 0.369184 0.665247 0.140779 0.193974 0.073972 0.429931
0.359791 0.355672 0.284538 0.662927 0.130767 0.206306 0.217192 0.250813
0.348920 0.338683 0.312397 0.666663 0.165776 0.167561 0.242145 0.221106
0.498288 0.459081 0.042630 0.663235 0.130360 0.206405 0.256228 0.249175
0.329682 0.378119 0.292199 0.662454 0.169951 0.167595 0.234010 0.264361
0.320472 0.335591 0.343937 0.665267 0.193437 0.141296 0.269519 0.192366
0.484391 0.260790 0.254819 0.632851 0.172215 0.194934 0.103076 0.303547
0.519113 0.245604 0.235283 0.636555 0.292200 0.071245 0.276140 0.239394
0.372784 0.252992 0.374224 0.659097 0.109700 0.231203 0.158450 0.349225
0.124905 0.372135 0.502959 0.585489 0.191386 0.223125 0.205313 0.334375
0.308092 0.345660 0.346248 0.611550 0.035564 0.352885 0.087669 0.406526
0.305549 0.340101 0.354350 0.663773 0.130202 0.206025 0.161504 0.383302
0.299383 0.362877 0.337740 0.610161 0.037422 0.352417 0.075767 0.408588
0.277656 0.373086 0.349259 0.609937 0.041331 0.348732 0.080349 0.377487
0.467759 0.259789 0.272451 0.641056 0.069598 0.289345 0.195218 0.318678
0.527517 0.222040 0.250444 0.658547 0.161429 0.180024 0.131280 0.362316
0.623579 0.260517 0.115904 0.650152 0.101800 0.248048 0.232038 0.334624
0.457553 0.368857 0.173590 0.659496 0.117428 0.223076 0.222185 0.336860
0.467883 0.299092 0.233025 0.659636 0.112922 0.227442 0.297503 0.245425
0.464851 0.236731 0.298418 0.665075 0.184282 0.150643 0.085683 0.442497
0.357501 0.356437 0.286062 0.634015 0.062163 0.303822 0.189407 0.357825
0.473289 0.302207 0.224504 0.604316 0.151153 0.244531 0.182578 0.294397
0.094972 0.497587 0.407440 0.532453 0.003649 0.463898 0.076731 0.506502
0.331511 0.451907 0.216582 0.636674 0.295642 0.067685 0.254589 0.261336
0.454810 0.299208 0.245981 0.661851 0.140310 0.197839 0.243143 0.321855
0.330312 0.265417 0.404271 0.647258 0.240107 0.112635 0.131061 0.287142
0.512694 0.291998 0.195308 0.664113 0.144021 0.191866 0.171001 0.400503
0.521581 0.322749 0.155670 0.661386 0.199559 0.139056 0.280058 0.243156
0.428899 0.312033 0.259068 0.655488 0.151814 0.192698 0.183266 0.269489
0.392097 0.315022 0.292880 0.572561 0.020586 0.406853 0.092658 0.426664
0.417432 0.322774 0.259794 0.664751 0.185400 0.149849 0.211695 0.266373
0.279912 0.372173 0.347915 0.601366 0.028599 0.370035 0.136353 0.411903
0.295408 0.354452 0.350140 0.606898 0.050006 0.343096 0.067669 0.426103
0.412302 0.320037 0.267661 0.629114 0.278386 0.092500 0.194415 0.189375
0.383242 0.337905 0.278853 0.662640 0.210514 0.126846 0.211620 0.270822
0.437534 0.356255 0.206210 0.661553 0.121315 0.217132 0.196966 0.306684
0.463170 0.326386 0.210445 0.606110 0.051022 0.342868 0.137793 0.387054
0.468160 0.351517 0.180323 0.632858 0.130557 0.236585 0.152080 0.359171
0.452277 0.355543 0.192180 0.663267 0.186653 0.150079 0.215330 0.267326
0.460693 0.321299 0.218007 0.640371 0.290424 0.069204 0.234986 0.222795
0.446221 0.383774 0.170005 0.664932 0.139156 0.195912 0.238233 0.250814
0.437555 0.396991 0.165453 0.661685 0.121269 0.217046 0.226607 0.295875
0.455845 0.385729 0.158426 0.650307 0.086382 0.263310 0.227936 0.283253
0.219189 0.640253 0.140558 0.574231 0.013603 0.412166 0.110456 0.424684
0.249983 0.461017 0.289000 0.649198 0.089093 0.261708 0.171607 0.371111
0.313486 0.527146 0.159368 0.644219 0.076357 0.279424 0.197298 0.358002
0.253838 0.340737 0.405425 0.644560 0.103016 0.252424 0.172646 0.370703
0.319861 0.406676 0.273463 0.651647 0.093205 0.255149 0.167491 0.360976
0.357807 0.433254 0.208939 0.660395 0.119432 0.220173 0.168948 0.336575
0.243358 0.606033 0.150609 0.663659 0.144089 0.192253 0.175043 0.326778
0.325631 0.369878 0.304490 0.643260 0.077770 0.278969 0.177932 0.374886
0.300629 0.442629 0.256742 0.613982 0.037425 0.348592 0.162328 0.419918
0.214068 0.316699 0.469234 0.666176 0.174692 0.159132 0.153892 0.325202
0.261868 0.408110 0.330022 0.666305 0.157499 0.176197 0.140960 0.340637
0.372999 0.437763 0.189238 0.630901 0.088230 0.280869 0.125171 0.404801
0.291908 0.373479 0.334613 0.631094 0.096140 0.272765 0.186641 0.407053
0.367387 0.367895 0.264719 0.662106 0.216503 0.121391 0.226276 0.220199
0.379861 0.372372 0.247767 0.658970 0.232070 0.108960 0.235810 0.220357
0.309649 0.317545 0.372806 0.654812 0.098096 0.247092 0.233695 0.302648
0.392816 0.321655 0.285529 0.559102 0.187252 0.253646 0.100256 0.322872
0.499053 0.286431 0.214517 0.660566 0.223268 0.116166 0.224878 0.265881
0.411299 0.318603 0.270098 0.577771 0.023990 0.398240 0.084382 0.448639
0.465952 0.324377 0.209671 0.662605 0.205446 0.131949 0.200910 0.272615
0.479295 0.285585 0.235120 0.662879 0.167741 0.169379 0.176748 0.281560
0.415368 0.297441 0.287190 0.665477 0.185709 0.148814 0.224092 0.275686
0.415368 0.297441 0.287190 0.665477 0.185709 0.148814 0.224092 0.275686
0.392829 0.326587 0.280584 0.643554 0.144409 0.212037 0.149341 0.330344
0.370753 0.374762 0.254485 0.602162 0.152639 0.245200 0.123595 0.338842
0.211492 0.361638 0.426869 0.645132 0.076155 0.278713 0.149204 0.360788
0.260426 0.417477 0.322097 0.631853 0.089325 0.278821 0.093904 0.378672
0.275862 0.431498 0.292639 0.666299 0.159791 0.173910 0.221676 0.227244
0.261383 0.353175 0.385442 0.641368 0.098303 0.260329 0.140125 0.331413
0.281743 0.418276 0.299980 0.666476 0.169335 0.164188 0.233373 0.203771
0.238193 0.404324 0.357484 0.661118 0.171893 0.166989 0.226288 0.246576
0.236592 0.410117 0.353291 0.664296 0.176042 0.159662 0.208810 0.250346
0.003764 0.317187 0.679049 0.626047 0.059376 0.314577 0.077779 0.305202
0.476920 0.504393 0.018687 0.643509 0.114135 0.242356 0.235269 0.293576
0.372933 0.386432 0.240635 0.660979 0.129970 0.209051 0.248955 0.272374
0.388347 0.410094 0.201559 0.659381 0.126574 0.214045 0.232037 0.289864
0.331171 0.406065 0.262764 0.665952 0.174212 0.159836 0.173086 0.295802
0.247727 0.400599 0.351674 0.651663 0.256946 0.091391 0.250494 0.169744
0.395518 0.509064 0.095418 0.622465 0.045395 0.332140 0.184281 0.380954
0.311062 0.408251 0.280686 0.659111 0.153641 0.187248 0.143182 0.309246
0.339027 0.312694 0.348279 0.663562 0.136653 0.199785 0.210233 0.278406
0.334555 0.332539 0.332907 0.603963 0.051426 0.344610 0.151086 0.340882
0.308309 0.322363 0.369327 0.592170 0.035630 0.372200 0.084104 0.418706
0.334405 0.326106 0.339488 0.659004 0.118711 0.222285 0.185999 0.294511
0.318577 0.330502 0.350921 0.661095 0.221418 0.117488 0.199907 0.249807
0.319742 0.334147 0.346111 0.660127 0.226820 0.113052 0.213714 0.232245
0.376814 0.412989 0.210196 0.656741 0.241271 0.101987 0.266918 0.179140
0.259789 0.335315 0.404896 0.648151 0.270792 0.081058 0.284790 0.158701
0.390984 0.313802 0.295214 0.660183 0.174248 0.165569 0.223845 0.278127
0.231874 0.282969 0.485157 0.665060 0.170668 0.164272 0.182104 0.274342
0.328731 0.372468 0.298802 0.648766 0.260486 0.090748 0.255567 0.235933
0.422089 0.383861 0.194050 0.666490 0.168524 0.164987 0.219502 0.288584
0.416473 0.308118 0.275409 0.657950 0.207849 0.134202 0.240239 0.314198
0.508854 0.271928 0.219219 0.663605 0.132110 0.204284 0.204890 0.335618
0.531659 0.337517 0.130824 0.664194 0.133640 0.202166 0.177367 0.345005
0.184459 0.687568 0.127973 0.654267 0.249819 0.095914 0.223624 0.222595
0.394508 0.360615 0.244877 0.651097 0.117237 0.231666 0.249473 0.305420
0.366707 0.364154 0.269139 0.663136 0.160371 0.176494 0.165871 0.309122
0.341681 0.368223 0.290096 0.654963 0.097164 0.247873 0.186756 0.334302
0.349148 0.369805 0.281047 0.664609 0.158817 0.176574 0.177933 0.298280
0.272286 0.384706 0.343008 0.657897 0.222460 0.119643 0.231631 0.232931
0.349006 0.357261 0.293733 0.664806 0.148899 0.186295 0.231065 0.253933
0.393386 0.386857 0.219757 0.663537 0.204555 0.131908 0.276435 0.235246
0.377081 0.399461 0.223458 0.665370 0.181552 0.153078 0.264806 0.253846
0.325611 0.470526 0.203862 0.664414 0.199536 0.136051 0.266251 0.228607
0.326567 0.378182 0.295251 0.653432 0.093646 0.252922 0.200136 0.286376
0.350372 0.392855 0.256772 0.665862 0.171979 0.162159 0.170273 0.343552
0.453911 0.328172 0.217917 0.642409 0.168519 0.189072 0.148105 0.266850
0.377601 0.297852 0.324547 0.631272 0.197857 0.170870 0.174515 0.222059
0.461043 0.272170 0.266787 0.662342 0.185795 0.151863 0.162866 0.308417
0.451782 0.263121 0.285097 0.612171 0.125378 0.262451 0.096894 0.335700
0.379012 0.294117 0.326870 0.664238 0.179780 0.155982 0.141269 0.363141
0.451047 0.286997 0.261956 0.611830 0.120094 0.268076 0.140679 0.304013
0.353856 0.353845 0.292299 0.408694 0.016310 0.574996 0.205500 0.412732
0.291353 0.383878 0.324770 0.573738 0.018096 0.408166 0.190141 0.427630
0.595752 0.387225 0.017022 0.629137 0.306681 0.064182 0.142720 0.358484
0.435990 0.470828 0.093182 0.665409 0.159572 0.175019 0.279445 0.250267
0.367461 0.367825 0.264714 0.658443 0.107055 0.234502 0.175581 0.352718
0.312902 0.368501 0.318596 0.659144 0.109557 0.231299 0.136041 0.377827
0.528005 0.460884 0.011111 0.527097 0.001994 0.470909 0.211148 0.350801
0.340207 0.308181 0.351612 0.662440 0.202748 0.134812 0.184053 0.292646
0.313095 0.379067 0.307838 0.662487 0.124100 0.213413 0.152626 0.361155
0.328652 0.289867 0.381481 0.659839 0.219897 0.120264 0.193436 0.289626
0.304899 0.318625 0.376476 0.648058 0.106391 0.245552 0.090016 0.400488
0.323136 0.266663 0.410201 0.666289 0.153864 0.179847 0.164803 0.304797
0.299381 0.413122 0.287496 0.633018 0.065031 0.301951 0.091963 0.392566
0.237145 0.368727 0.394128 0.665827 0.148129 0.186045 0.160170 0.287583
0.263690 0.408975 0.327335 0.665668 0.149170 0.185162 0.159530 0.294078
0.195464 0.255458 0.549078 0.664984 0.143935 0.191081 0.217819 0.237438
0.287923 0.400084 0.311994 0.664855 0.142538 0.192607 0.212873 0.245231
0.299305 0.417267 0.283428 0.664954 0.144811 0.190234 0.204462 0.265434
0.258655 0.425613 0.315731 0.651077 0.093289 0.255634 0.150375 0.347928
0.350453 0.330798 0.318750 0.662594 0.123864 0.213542 0.163591 0.328615
0.385817 0.316951 0.297232 0.664716 0.157232 0.178053 0.170907 0.286651
0.380492 0.286648 0.332860 0.662943 0.150570 0.186487 0.167915 0.275280
0.368498 0.309074 0.322428 0.660636 0.206715 0.132649 0.203375 0.248236
0.419133 0.238123 0.342744 0.662750 0.194295 0.142955 0.185553 0.330201
0.433129 0.287280 0.279591 0.665105 0.146010 0.188886 0.242789 0.245829
0.427036 0.323849 0.249115 0.661656 0.131075 0.207269 0.189323 0.294479
0.454679 0.276201 0.269120 0.662029 0.126851 0.211120 0.222512 0.279106
0.468031 0.287167 0.244802 0.666598 0.166014 0.167388 0.215317 0.279653
0.408520 0.288958 0.302522 0.657073 0.105202 0.237725 0.193071 0.370497
0.410854 0.338920 0.250226 0.660302 0.221001 0.118697 0.211941 0.281367
0.397872 0.308849 0.293279 0.642929 0.156433 0.200638 0.099943 0.381457
0.223765 0.379709 0.396526 0.616136 0.045020 0.338844 0.140715 0.389690
0.446790 0.332173 0.221037 0.602278 0.102215 0.295507 0.093335 0.398174
0.310118 0.326449 0.363432 0.660270 0.198905 0.140825 0.191926 0.254088
0.290266 0.264708 0.445027 0.658104 0.106155 0.235741 0.131807 0.359831
0.302316 0.303153 0.394531 0.655441 0.100474 0.244085 0.126617 0.362019
0.313708 0.326390 0.359902 0.658311 0.109161 0.232529 0.161013 0.324704
0.301470 0.323128 0.375402 0.664600 0.136461 0.198939 0.181604 0.291800
0.323179 0.381048 0.295773 0.661199 0.176204 0.162597 0.195442 0.272014
0.375485 0.426859 0.197656 0.656817 0.199534 0.143649 0.125461 0.302228
0.390776 0.323029 0.286195 0.639855 0.094453 0.265692 0.261467 0.314574
0.382218 0.291383 0.326399 0.660283 0.187640 0.152078 0.282530 0.281823
0.317163 0.329288 0.353549 0.661930 0.121399 0.216672 0.222073 0.263601
0.392028 0.541928 0.066044 0.583896 0.017872 0.398232 0.175475 0.409813
0.470004 0.468928 0.061068 0.661169 0.118178 0.220652 0.230259 0.263371
0.474413 0.491683 0.033904 0.661300 0.118534 0.220166 0.219871 0.262323
0.445535 0.220015 0.334451 0.645280 0.161803 0.192917 0.295764 0.303377
0.497052 0.237072 0.265876 0.656941 0.155334 0.187725 0.226351 0.326432
0.370976 0.316118 0.312906 0.659805 0.129644 0.210550 0.201209 0.344464
0.414259 0.269560 0.316181 0.663904 0.134779 0.201317 0.167666 0.374353
0.506388 0.342601 0.151011 0.652224 0.190209 0.157567 0.168717 0.267504
0.408148 0.352313 0.239538 0.658762 0.179251 0.161986 0.172929 0.275395
0.278164 0.360154 0.361682 0.663231 0.127317 0.209452 0.184921 0.298738
0.309144 0.362355 0.328501 0.646698 0.109018 0.244284 0.104113 0.370402
0.368455 0.282188 0.349357 0.660523 0.139269 0.200208 0.163057 0.297959
0.371626 0.285924 0.342449 0.630368 0.114238 0.255395 0.120262 0.367974
0.298736 0.333282 0.367982 0.661520 0.143257 0.195224 0.194057 0.298443
0.370746 0.311673 0.317581 0.621787 0.117436 0.260777 0.117337 0.369346
0.375864 0.319305 0.304831 0.629047 0.133054 0.237899 0.119790 0.367922
0.289056 0.287882 0.423061 0.636948 0.064344 0.298708 0.102182 0.383064
0.309105 0.282872 0.408024 0.600139 0.031710 0.368151 0.092293 0.388253
0.370640 0.394002 0.235358 0.630048 0.053547 0.316405 0.130049 0.365439
0.339419 0.448001 0.212581 0.595012 0.024113 0.380876 0.068291 0.433611
0.235736 0.375827 0.388437 0.659354 0.112701 0.227944 0.195543 0.266543
0.281521 0.388131 0.330347 0.662488 0.128687 0.208824 0.216479 0.278837
0.283375 0.394710 0.321915 0.665650 0.187407 0.146944 0.234398 0.212862
0.297096 0.361693 0.341212 0.666137 0.180958 0.152905 0.236871 0.208428
0.320866 0.383106 0.296028 0.663814 0.155794 0.180391 0.178464 0.258096
0.307133 0.373079 0.319788 0.631603 0.090355 0.278042 0.116498 0.353579
0.319019 0.388420 0.292561 0.664911 0.184572 0.150517 0.195916 0.277377
0.382459 0.328804 0.288736 0.643579 0.077085 0.279336 0.166683 0.336071
0.359420 0.364451 0.276128 0.633520 0.102940 0.263540 0.109606 0.335415
0.395260 0.369419 0.235321 0.597600 0.069560 0.332840 0.112646 0.379663
0.356195 0.371165 0.272640 0.663502 0.174382 0.162116 0.175538 0.256020
0.356195 0.371165 0.272640 0.663502 0.174382 0.162116 0.175538 0.256020
0.334601 0.319437 0.345962 0.659940 0.112344 0.227717 0.204907 0.291293
0.282750 0.283223 0.434027 0.665904 0.147807 0.186290 0.212410 0.233822
0.334537 0.297823 0.367640 0.665793 0.163604 0.170603 0.160782 0.297565
0.325679 0.309201 0.365121 0.665858 0.182026 0.152116 0.171544 0.277882
0.248026 0.292415 0.459559 0.658568 0.107752 0.233680 0.206532 0.254591
0.269985 0.284541 0.445474 0.653934 0.095358 0.250709 0.195929 0.253570
0.254095 0.406420 0.339484 0.654938 0.109725 0.235337 0.145223 0.337282
0.208542 0.250344 0.541115 0.586984 0.019409 0.393607 0.169107 0.353763
0.304568 0.359252 0.336180 0.657713 0.104839 0.237448 0.191515 0.274235
0.206874 0.518181 0.274945 0.548925 0.249949 0.201126 0.128890 0.435052
0.262761 0.391749 0.345490 0.661505 0.142011 0.196484 0.182562 0.284200
0.242331 0.412287 0.345382 0.659563 0.121921 0.218516 0.156200 0.320001
0.238370 0.399444 0.362185 0.659918 0.156174 0.183907 0.196103 0.280985
0.254931 0.410645 0.334424 0.660740 0.151667 0.187593 0.193671 0.289944
0.241262 0.350106 0.408633 0.666651 0.165598 0.167751 0.196010 0.263901
0.277526 0.396942 0.325532 0.666096 0.152756 0.181148 0.202992 0.252260
0.335129 0.390325 0.274546 0.665504 0.154555 0.179941 0.230828 0.246773
0.329598 0.417041 0.253361 0.650722 0.094707 0.254571 0.221189 0.300697
0.303440 0.420677 0.275883 0.665992 0.156722 0.177287 0.210216 0.237712
0.279921 0.393266 0.326812 0.666176 0.163901 0.169922 0.221982 0.224346
0.342485 0.389086 0.268429 0.656515 0.107840 0.235646 0.214903 0.300999
0.303485 0.422894 0.273620 0.666063 0.166631 0.167306 0.223464 0.220048
0.281418 0.434466 0.284115 0.666494 0.157535 0.175971 0.211404 0.239598
0.248060 0.400079 0.351861 0.657395 0.230074 0.112531 0.213083 0.216535
0.230945 0.324661 0.444395 0.647050 0.089990 0.262960 0.145739 0.373933
0.258626 0.340510 0.400864 0.618176 0.041084 0.340740 0.133304 0.415995
0.197873 0.340484 0.461643 0.632263 0.057811 0.309927 0.107256 0.429685
0.190423 0.317553 0.492023 0.628588 0.052863 0.318549 0.102220 0.435447
0.238706 0.330105 0.431189 0.649552 0.092419 0.258028 0.142297 0.367784
0.145462 0.282297 0.572241 0.637826 0.071310 0.290863 0.102829 0.429277
0.294263 0.306649 0.399088 0.666358 0.157537 0.176105 0.169864 0.336132
0.184148 0.309810 0.506042 0.632979 0.058455 0.308566 0.106959 0.428675
0.220369 0.341632 0.437999 0.631203 0.055815 0.312982 0.107917 0.431070
0.220562 0.346324 0.433114 0.632606 0.057573 0.309821 0.105452 0.431559
0.330700 0.394813 0.274487 0.651365 0.090084 0.258551 0.203850 0.322868
0.323783 0.358866 0.317351 0.662347 0.211833 0.125820 0.223531 0.226648
0.293602 0.376163 0.330235 0.655656 0.117571 0.226773 0.181326 0.330262
0.474771 0.303195 0.222034 0.642251 0.171089 0.186660 0.123893 0.388584
0.320651 0.292438 0.386911 0.638747 0.139583 0.221670 0.153476 0.316157
0.437162 0.358898 0.203940 0.641211 0.160631 0.198158 0.147261 0.321152
0.317504 0.305832 0.376664 0.666372 0.172873 0.160755 0.227575 0.242345
0.349391 0.379104 0.271506 0.650619 0.124958 0.224423 0.146272 0.317064
0.320841 0.351069 0.328090 0.666360 0.161515 0.172125 0.177441 0.288337
0.414858 0.356590 0.228552 0.640471 0.145199 0.214330 0.139206 0.342323
0.363526 0.382269 0.254205 0.639173 0.098438 0.262388 0.152978 0.307011
0.413385 0.364983 0.221632 0.636615 0.140666 0.222720 0.150560 0.323742
0.194470 0.432885 0.372645 0.665399 0.165286 0.169315 0.131386 0.306690
0.076798 0.443140 0.480062 0.606487 0.032081 0.361432 0.010245 0.522654
0.067845 0.182516 0.749640 0.650956 0.089505 0.259540 0.028442 0.435116
0.453024 0.262704 0.284271 0.663537 0.138688 0.197776 0.172666 0.328469
0.003057 0.207021 0.789922 0.634287 0.082120 0.283593 0.097774 0.280999
0.341510 0.373274 0.285216 0.659376 0.214211 0.126413 0.175618 0.244716
0.422068 0.241313 0.336619 0.656247 0.178855 0.164899 0.146251 0.215193
0.204845 0.270985 0.524170 0.658097 0.178939 0.162964 0.166052 0.246113
0.244684 0.368743 0.386574 0.624608 0.129354 0.246038 0.065167 0.381176
0.329463 0.292654 0.377883 0.622943 0.151906 0.225151 0.152001 0.397412
0.329225 0.300512 0.370263 0.665270 0.192700 0.142029 0.219564 0.227584
0.083034 0.703654 0.213312 0.665386 0.144308 0.190306 0.202191 0.223034
0.328355 0.360338 0.311307 0.634477 0.156528 0.208995 0.129183 0.345694
0.316901 0.294117 0.388982 0.665892 0.184951 0.149157 0.210664 0.237339
0.224273 0.321989 0.453738 0.660016 0.114251 0.225734 0.108210 0.329658
0.137264 0.672144 0.190592 0.666456 0.173445 0.160099 0.185490 0.263974
0.226275 0.082305 0.691421 0.572519 0.184484 0.242996 0.032506 0.423202
0.224733 0.388614 0.386653 0.613677 0.137367 0.248956 0.104252 0.445998
0.286883 0.489024 0.224094 0.666590 0.169658 0.163753 0.193920 0.258365
0.279811 0.379144 0.341045 0.657492 0.206747 0.135761 0.276238 0.207174
0.297570 0.451208 0.251221 0.652789 0.222648 0.124563 0.291755 0.192624
0.343998 0.535479 0.120523 0.654664 0.228204 0.117132 0.289796 0.190029
0.248437 0.321981 0.429583 0.658182 0.224112 0.117706 0.300188 0.175541
0.205563 0.420361 0.374076 0.649676 0.226579 0.123746 0.306485 0.184512
0.271658 0.431832 0.296510 0.664732 0.136766 0.198503 0.163866 0.306831
0.141202 0.226529 0.632269 0.662544 0.124281 0.213174 0.145061 0.326340
0.300646 0.413750 0.285604 0.658912 0.232408 0.108680 0.239488 0.208939
0.315073 0.381318 0.303609 0.663799 0.200007 0.136194 0.205078 0.248448
0.232500 0.270253 0.497247 0.662405 0.212231 0.125364 0.219196 0.231637
0.142122 0.548616 0.309261 0.662658 0.128187 0.209155 0.163971 0.298204
0.109554 0.554295 0.336151 0.566992 0.024892 0.408115 0.164782 0.285503
0.357296 0.346544 0.296159 0.638186 0.281971 0.079843 0.187065 0.226584
0.306536 0.263360 0.430104 0.664071 0.177673 0.158257 0.124485 0.285992
0.332478 0.383962 0.283560 0.661241 0.119166 0.219593 0.189044 0.291204
0.381807 0.296320 0.321873 0.614203 0.042580 0.343217 0.151215 0.349512
0.289759 0.272528 0.437713 0.644883 0.107400 0.247717 0.099381 0.339223
0.297621 0.365535 0.336844 0.575072 0.053797 0.371131 0.057450 0.348474
0.257133 0.351180 0.391688 0.578269 0.051024 0.370706 0.035076 0.403216
0.300325 0.379300 0.320375 0.580776 0.051444 0.367780 0.063887 0.343930
0.311642 0.408813 0.279544 0.629534 0.090522 0.279945 0.129461 0.325865
0.283098 0.398477 0.318425 0.657213 0.224953 0.117834 0.244500 0.185007
0.274249 0.405441 0.320311 0.621311 0.127868 0.250821 0.157093 0.275494
0.393441 0.337923 0.268636 0.656065 0.104278 0.239657 0.164009 0.328194
0.414318 0.293047 0.292635 0.590833 0.021271 0.387896 0.199235 0.378026
0.417187 0.298380 0.284432 0.664563 0.138648 0.196788 0.200507 0.320730
0.432477 0.357360 0.210163 0.666620 0.169280 0.164099 0.216270 0.250590
0.316388 0.287885 0.395727 0.666518 0.171312 0.162170 0.180818 0.279572
0.309640 0.275136 0.415224 0.666184 0.181304 0.152512 0.181324 0.273922
0.377617 0.342935 0.279449 0.663435 0.132603 0.203962 0.189419 0.315658
0.307549 0.317059 0.375391 0.666149 0.151640 0.182211 0.223418 0.221325
0.254664 0.292617 0.452719 0.656980 0.145069 0.197950 0.207248 0.186322
0.345991 0.347389 0.306620 0.666088 0.166002 0.167910 0.198470 0.236472
0.294831 0.348175 0.356993 0.662229 0.215833 0.121938 0.229955 0.188761
0.206745 0.244486 0.548769 0.666090 0.149996 0.183914 0.213003 0.222042
0.226840 0.284878 0.488281 0.665631 0.156824 0.177544 0.227532 0.245305
0.337294 0.393203 0.269503 0.656103 0.100082 0.243814 0.132588 0.320632
0.232896 0.279845 0.487259 0.666367 0.155104 0.178529 0.230683 0.225966
0.382656 0.473372 0.143972 0.664947 0.147177 0.187876 0.225642 0.235950
0.305136 0.410652 0.284212 0.664774 0.163317 0.171909 0.198158 0.224931
0.357809 0.327556 0.314635 0.659129 0.112230 0.228641 0.161813 0.317454
0.272158 0.195287 0.532555 0.662060 0.179155 0.158785 0.178189 0.262066
0.270403 0.237624 0.491973 0.663770 0.136337 0.199892 0.171323 0.277700
0.382776 0.292597 0.324627 0.661445 0.123817 0.214739 0.171944 0.292698
0.391259 0.377072 0.231670 0.662766 0.124588 0.212646 0.173225 0.308818
0.337927 0.331623 0.330450 0.652045 0.091283 0.256672 0.138664 0.349791
0.265653 0.286510 0.447837 0.661755 0.119753 0.218492 0.144568 0.328389
0.497931 0.405679 0.096390 0.661572 0.125391 0.213037 0.182834 0.349800
0.330627 0.448774 0.220599 0.660891 0.126822 0.212287 0.187747 0.350484
0.382512 0.590301 0.027187 0.659192 0.118085 0.222723 0.214162 0.314374
0.294587 0.413479 0.291934 0.653492 0.119404 0.227104 0.193911 0.359951
0.444830 0.483465 0.071705 0.656955 0.119629 0.223416 0.218245 0.316765
0.456174 0.364112 0.179713 0.638233 0.066374 0.295393 0.166448 0.350499
0.544503 0.267945 0.187552 0.664726 0.142725 0.192549 0.249691 0.331183
0.515920 0.276326 0.207753 0.663205 0.139622 0.197173 0.241354 0.333427
0.423058 0.377139 0.199803 0.657688 0.215745 0.126567 0.263882 0.291778
0.403951 0.377465 0.218583 0.600750 0.355598 0.043652 0.294313 0.264625
0.550718 0.344367 0.104915 0.628022 0.051075 0.320904 0.188012 0.352885
0.415439 0.470250 0.114311 0.645189 0.081287 0.273524 0.186713 0.369710
0.483663 0.381392 0.134945 0.661337 0.132660 0.206003 0.202153 0.302701
0.203822 0.367295 0.428883 0.657599 0.193957 0.148443 0.183364 0.287508
0.217136 0.417788 0.365076 0.657290 0.194271 0.148439 0.186783 0.284827
0.208140 0.399428 0.392433 0.658912 0.187162 0.153926 0.178251 0.288484
