0 8 8 45 46 532 538 549 840 878 
1 6 20 340 572 574 793 1060 
2 2 93 750 
3 8 40 240 241 256 638 778 801 1040 
4 5 378 422 453 662 1066 
5 8 68 160 249 698 918 954 973 1061 
6 5 22 573 592 593 802 
7 7 61 72 108 109 194 336 498 
8 8 92 144 161 342 369 797 798 1054 
9 10 94 104 314 389 425 749 781 874 930 1018 
10 8 110 122 124 150 418 497 762 1034 
11 4 116 465 466 1049 
12 3 140 857 982 
13 3 172 1072 1074 
14 2 176 1008 
15 6 200 577 581 645 945 1082 
16 14 4 78 188 296 310 513 580 598 614 825 889 944 970 1021 
17 4 192 582 689 786 
18 15 137 209 348 352 385 386 450 541 542 609 670 720 836 838 929 
19 10 26 37 62 212 540 682 777 872 873 978 
20 9 5 112 301 337 338 345 405 681 766 
21 3 44 236 1009 
22 7 113 248 526 705 738 806 1080 
23 8 125 126 230 564 860 933 938 998 
24 7 242 489 508 510 642 760 848 
25 5 177 178 268 400 920 
26 6 562 621 622 729 730 914 
27 6 53 97 280 558 569 949 
28 7 285 286 390 477 478 960 962 
29 6 324 344 396 740 742 898 
30 3 170 332 913 
31 4 216 356 724 726 
32 11 29 222 233 341 381 440 789 868 910 989 1077 
33 10 13 90 136 358 380 502 610 805 808 1002 
34 8 9 57 237 273 305 384 668 841 
35 5 297 392 394 769 942 
36 10 60 121 162 180 217 220 221 368 404 716 
37 7 2 157 354 393 412 744 957 
38 7 245 302 416 417 741 761 1017 
39 6 398 409 437 606 776 888 
40 6 420 436 438 480 481 625 
41 7 444 553 636 649 650 861 1078 
42 2 117 462 
43 6 50 406 454 469 605 660 
44 8 17 142 145 214 253 366 472 922 
45 2 476 961 
46 4 500 506 630 725 
47 13 48 49 376 397 456 458 484 485 661 946 968 1037 1038 
48 3 460 461 554 
49 9 14 89 208 322 353 382 600 780 1070 
50 9 118 206 225 244 246 566 704 794 1045 
51 7 76 201 289 290 520 536 678 
52 7 202 357 374 576 597 626 817 
53 4 74 120 528 584 
54 11 56 58 80 98 333 596 601 785 833 917 1033 
55 14 138 169 185 265 309 362 608 693 737 870 882 974 1022 1076 
56 5 10 77 264 298 842 
57 10 205 304 328 470 492 512 616 782 881 1025 
58 5 166 457 482 713 714 
59 4 234 493 628 877 
60 3 644 908 1029 
61 1 652 
62 7 100 101 105 282 330 656 985 
63 1 509 
64 10 148 156 182 204 490 669 680 925 926 980 
65 9 429 430 672 673 674 684 685 813 814 
66 4 544 688 845 905 
67 6 184 329 524 525 692 1069 
68 6 52 224 410 557 708 906 
69 6 229 269 666 728 773 1042 
70 6 64 66 228 408 732 1041 
71 9 32 165 306 316 504 633 653 837 1030 
72 4 21 665 752 774 
73 4 428 488 594 756 
74 8 377 433 604 620 654 768 829 1052 
75 6 250 421 629 709 784 1073 
76 7 36 168 545 758 792 909 986 
77 1 796 
78 2 648 804 
79 8 561 640 812 862 869 990 1004 1057 
80 5 320 486 578 634 820 
81 7 238 318 434 537 613 828 984 
82 7 501 602 809 816 832 853 1081 
83 7 65 401 402 570 722 844 885 
84 1 321 
85 5 86 313 565 772 856 
86 3 81 717 921 
87 1 70 
88 5 181 753 822 880 892 
89 5 326 496 826 896 966 
90 10 38 197 270 288 757 900 936 937 1006 1013 
91 6 174 198 830 904 1028 1058 
92 7 114 262 534 637 770 850 1026 
93 4 556 658 846 912 
94 3 516 546 800 
95 6 41 276 312 550 677 924 
96 5 334 928 988 1000 1012 
97 10 34 232 449 568 686 734 790 893 894 932 
98 6 33 54 413 657 721 940 
99 1 948 
100 3 445 552 952 
101 9 106 277 589 632 824 865 866 890 1053 
102 6 210 733 754 849 886 972 
103 7 24 69 149 350 441 858 976 
104 7 96 158 218 361 365 518 950 
105 8 258 272 284 718 765 997 1016 1048 
106 8 130 190 260 300 452 468 514 1020 
107 2 530 1036 
108 7 12 586 746 916 956 958 1044 
109 7 73 132 133 134 257 388 473 
110 5 864 897 969 1064 1065 
111 3 529 901 1056 
112 3 84 85 1005 
113 2 146 522 
114 3 474 981 992 
115 6 88 164 494 624 712 953 
116 5 213 226 254 884 1062 
117 2 1 676 
118 2 0 941 
119 7 129 588 646 694 964 1024 1032 
120 13 42 141 153 154 186 274 292 346 533 965 977 1046 1068 
121 2 294 818 
122 9 152 196 360 414 426 548 706 821 1001 
123 1 617 
124 3 30 128 189 
125 7 308 325 432 590 612 701 702 
126 7 25 281 364 372 517 664 994 
127 5 28 82 193 618 748 
128 10 317 349 442 560 641 696 697 810 934 1010 
129 8 173 266 690 736 834 852 854 876 
130 3 293 521 902 
131 8 102 261 278 424 585 700 993 1014 
132 5 446 464 505 710 788 
133 9 6 16 18 252 370 745 764 996 1050 
134 2 373 448 
